[] [5837]
[] [4881]
[] [15770]
[] [20226]
[30542] [30542]
YES[] [13054]
[] [8499]
[] [9135]
[] [20293]
[] [16662]
[] [5765]
[] [27371]
[] [33152]
[] [37145]
[] [33357]
[] [17010]
[] [32891]
[] [15487]
[] [34777]
[] [3570]
[] [3630]
[] [23818]
[] [1302]
[] [20940]
[] [24262]
[] [33146]
[] [8163]
[] [5962]
[] [34154]
[] [32825]
[] [16176]
[] [20899]
[] [9554]
[] [21620]
[] [34941]
[] [15501]
[] [7427]
[] [18725]
[] [33413]
[] [30044]
[] [15684]
[] [15218]
[] [18063]
[] [21725]
[] [6420]
[] [16459]
[] [25819]
[] [18321]
[] [17569]
[] [35443]
[] [22151]
[] [20843]
[] [36531]
[] [38153]
[] [15389]
[] [4881]
[] [12360]
[] [2133]
[] [6092]
[] [36214]
[] [4460]
[] [38360]
[] [5013]
[] [35439]
[] [9764]
[] [29842]
[] [6200]
[] [37945]
[] [20804]
[] [31368]
[] [6571]
[] [27294]
[] [14644]
[] [10508]
[] [32976]
[] [28803]
[] [5210]
[16636] [16636]
YES[] [1368]
[] [24384]
[] [26469]
[] [36058]
[] [34362]
[] [20060]
[] [22748]
[] [32410]
[] [26815]
[] [34282]
[] [28095]
[] [18422]
[] [27175]
[] [16684]
[] [15682]
[] [21319]
[] [16198]
[] [6699]
[] [3578]
[] [34761]
[] [27390]
[] [23063]
[] [31480]
[] [12406]
[] [16890]
[] [22895]
[] [25105]
[32132] [33423]
[] [21752]
[] [29967]
[] [20425]
[] [25510]
[] [23000]
[] [17590]
[] [11281]
[] [11580]
[] [14162]
[] [12334]
[] [4092]
[] [2152]
[] [25583]
[] [17684]
[] [23698]
[] [3208]
[] [29846]
[] [4013]
[] [8104]
[] [3644]
[] [31627]
[] [15384]
[] [32526]
[] [3771]
[] [2133]
[] [5500]
[] [27719]
[] [26927]
[] [24098]
[] [2340]
[] [18158]
[] [10924]
[] [11750]
[] [21629]
[] [34922]
[] [29875]
[] [31751]
[] [34482]
[] [31460]
[] [20712]
[] [23500]
[] [24305]
[] [30309]
[] [14906]
[] [24758]
[] [4039]
[] [7263]
[] [23755]
[] [10278]
[] [115]
[6717] [6717]
YES[] [20470]
[] [13888]
[] [11185]
[] [31342]
[] [18916]
[] [22710]
[] [29104]
